jails: 
  jail: 
    world: world
    x: 341.6509997837594
    y: 71.0
    z: 318.55146224446867
    yaw: 91.05493
    pitch: 80.10735
