spawns: 
  default: 
    world: world
    x: 321.48255242612805
    y: 81.0
    z: 302.5613317767284
    yaw: 188.65045
    pitch: -18.750006
