world: world
x: 321.5598527005834
y: 111.5
z: 178.51660113944646
yaw: 271.7226
pitch: 89.100006
name: cakejail
