world: world
x: 321.5154626199171
y: 81.0
z: 304.59672857244533
yaw: 2.2429051
pitch: -3.0000076
name: spawnexit
