world: world
x: 194.9284623302234
y: 81.0
z: 178.5009246720106
yaw: 88.6504
pitch: 9.150034
name: spawnwest
