world: world
x: 321.6333304096478
y: 109.0
z: 178.4376133643392
yaw: 181.2002
pitch: -12.300001
name: spawn
