lastAccountName: afanofjapan
timestamps:
  login: 1420895965893
  logout: 1420896114464
ipAddress: 70.97.219.188
lastlocation:
  world: world
  x: 208.5
  y: 118.0
  z: 190.5
  yaw: 0.0
  pitch: 0.0
logoutlocation:
  world: world
  x: 297.7262192522041
  y: 74.0
  z: 326.93283051512844
  yaw: 36.29999
  pitch: 11.549993
