lastAccountName: Mr_Elite
timestamps:
  login: 1430138265971
  logout: 1430138333599
ipAddress: 127.0.0.1
lastlocation:
  world: world
  x: 316.5
  y: 109.0
  z: 179.5
  yaw: 0.0
  pitch: 0.0
logoutlocation:
  world: world
  x: 334.1819156832412
  y: 64.0
  z: 237.51614806142672
  yaw: -0.6150918
  pitch: 21.338272
