lastAccountName: carTloyal123
timestamps:
  login: 1437254719951
  logout: 1437254737866
ipAddress: 127.0.0.1
lastlocation:
  world: world
  x: 325.5
  y: 109.0
  z: 175.5
  yaw: 0.0
  pitch: 0.0
logoutlocation:
  world: world
  x: 235.20512187286087
  y: 84.0
  z: 178.5141012629749
  yaw: -60.30062
  pitch: 30.89995
