lastAccountName: Lukke0327
timestamps:
  login: 1430843421948
  logout: 1430843443866
ipAddress: 78.72.171.8
lastlocation:
  world: world
  x: 329.1586859273955
  y: 81.0
  z: 229.2540730997301
  yaw: -5.6447754
  pitch: 50.70501
logoutlocation:
  world: world
  x: 324.48975794929595
  y: 109.0
  z: 201.0383252665603
  yaw: -65.645935
  pitch: 45.199753
