lastAccountName: mick1555
timestamps:
  login: 1447963872146
  lastteleport: 1441999575284
  logout: 1447963879338
  kits:
    tools: 1441998352127
ipAddress: 86.138.80.176
homes:
  home:
    world: world_nether
    x: -1.5
    y: 240.0
    z: -52.5
    yaw: 269.7395
    pitch: 79.51327
  farm:
    world: world_nether
    x: -1.5
    y: 240.0
    z: -52.5
    yaw: 269.7395
    pitch: 79.51327
lastlocation:
  world: world_nether
  x: 2.43728806509178
  y: 128.5
  z: -27.660969102143383
  yaw: 0.31588745
  pitch: 18.752028
afk: false
logoutlocation:
  world: world
  x: 141.82920231215536
  y: 63.0
  z: 633.6100789292411
  yaw: 231.0523
  pitch: -5.9006205
