lastAccountName: Kazmania06
timestamps:
  login: 1426220428166
  logout: 1426220475516
ipAddress: 174.26.146.108
lastlocation:
  world: world
  x: 323.5
  y: 109.0
  z: 181.5
  yaw: 0.0
  pitch: 0.0
logoutlocation:
  world: world
  x: 269.4402605477062
  y: 99.0
  z: 111.26522504343271
  yaw: 232.35005
  pitch: 10.350013
