lastAccountName: BenDJamin99
timestamps:
  login: 1419031598469
  logout: 1419031672073
ipAddress: 173.55.37.3
logoutlocation:
  world: world
  x: -370.57013904486195
  y: 64.0
  z: -659.0548232902551
  yaw: 11.550083
  pitch: -3.7500205
