lastAccountName: Sparkz01
timestamps:
  login: 1449038319189
  logout: 1449038370711
ipAddress: 68.195.152.231
lastlocation:
  world: world
  x: 316.5
  y: 81.0
  z: 302.5
  yaw: 0.0
  pitch: 0.0
logoutlocation:
  world: world
  x: 321.5
  y: 81.0
  z: 302.5
  yaw: 188.65045
  pitch: -18.750006
