lastAccountName: Unified_Kings
timestamps:
  login: 1421629537807
  logout: 1421628173896
ipAddress: 72.218.99.89
lastlocation:
  world: world
  x: 362.5
  y: 113.0
  z: 112.5
  yaw: 0.0
  pitch: 0.0
logoutlocation:
  world: world
  x: 321.5
  y: 109.0
  z: 178.5
  yaw: -75.699005
  pitch: 1.835127
