lastAccountName: GoldenRose1888
timestamps:
  login: 1425859581012
  lastteleport: 1425859830319
  logout: 1425860308861
ipAddress: 67.168.77.9
lastlocation:
  world: world
  x: 321.0
  y: 109.0
  z: 178.0
  yaw: 0.0
  pitch: 0.0
logoutlocation:
  world: world
  x: 219.30000001192093
  y: 79.0
  z: 297.64918166711243
  yaw: 267.4005
  pitch: 7.649999
