lastAccountName: CharlyKube13
timestamps:
  login: 1431793938020
  lastteleport: 1431794654123
  logout: 1431794665683
ipAddress: 2.153.21.248
lastlocation:
  world: world
  x: 300.30000001192093
  y: 83.0
  z: 107.91574967425035
  yaw: 180.47931
  pitch: -3.9233346
logoutlocation:
  world: world
  x: 299.0647107989681
  y: 109.0
  z: 153.24739514366757
  yaw: 268.65665
  pitch: 15.420047
