lastAccountName: Wolf_Fang118
timestamps:
  login: 1435075868295
  lastteleport: 1435075875481
  logout: 1435075906719
ipAddress: 127.0.0.1
lastlocation:
  world: world
  x: 321.48255242612805
  y: 81.0
  z: 302.5613317767284
  yaw: 175.65042
  pitch: 8.849996
nickname: §aW§bo§cl§df
logoutlocation:
  world: world
  x: 1856.2322024563666
  y: 72.0
  z: -33.525110194038746
  yaw: 316.53708
  pitch: 30.300045
