lastAccountName: Astroboy6
timestamps:
  login: 1434965420289
  logout: 1434965453447
ipAddress: 127.0.0.1
lastlocation:
  world: world
  x: 324.5
  y: 82.0
  z: 299.5
  yaw: 0.0
  pitch: 0.0
logoutlocation:
  world: world
  x: 321.0093798362287
  y: 109.0
  z: 220.3105906006041
  yaw: 137.70045
  pitch: 5.8499937
