lastAccountName: Huskysmudkipz
timestamps:
  login: 1439464957490
  logout: 1439465023516
ipAddress: 71.65.250.62
lastlocation:
  world: world
  x: 325.5
  y: 82.0
  z: 302.5
  yaw: 0.0
  pitch: 0.0
logoutlocation:
  world: world
  x: 250.02081420916318
  y: 98.0
  z: 233.61218571669792
  yaw: 123.345184
  pitch: 29.43676
