lastAccountName: mincraftbeach
timestamps:
  login: 1451344324346
  logout: 1451344658363
ipAddress: 73.215.251.147
lastlocation:
  world: world
  x: 321.5
  y: 81.0
  z: 300.5
  yaw: 0.0
  pitch: 0.0
logoutlocation:
  world: world
  x: 320.5237535639033
  y: 109.0
  z: 228.32959391190616
  yaw: 3.249817
  pitch: 29.850025
