lastAccountName: Mxrkuss
timestamps:
  login: 1427597648614
  lastteleport: 1427594098924
  logout: 1427597752646
ipAddress: 127.0.0.1
lastlocation:
  world: world
  x: 301.19333254441045
  y: 63.0
  z: 181.69999998807907
  yaw: -315.89972
  pitch: 10.500025
logoutlocation:
  world: world
  x: 344.99121512554893
  y: 109.0
  z: 177.81268692607676
  yaw: 263.25
  pitch: -5.40001
