lastAccountName: PandaBeatzYT
timestamps:
  login: 1429447948976
  lastteleport: 1427920353869
  logout: 1429449329616
ipAddress: 85.167.108.52
lastlocation:
  world: world
  x: 195.82472506324135
  y: 40.05999999821186
  z: 740.632986596512
  yaw: -80.100006
  pitch: 13.800005
logoutlocation:
  world: world
  x: 321.0
  y: 109.0
  z: 178.0
  yaw: -103.8
  pitch: -17.400003
homes:
  home:
    world: world
    x: 321.0
    y: 109.0
    z: 178.0
    yaw: 0.0
    pitch: 0.0
nickname: PandaBeatZ
afk: false
