lastAccountName: Matt_ZSlayer
timestamps:
  login: 1449538422897
  kits:
    tools: 1449539178560
  logout: 1449539439691
ipAddress: 98.18.123.240
lastlocation:
  world: world
  x: 323.7468470452132
  y: 81.0
  z: 131.12434377614406
  yaw: 160.6004
  pitch: 72.15001
logoutlocation:
  world: world
  x: 191.69999998807907
  y: 64.0
  z: 379.4501591073505
  yaw: 243.10327
  pitch: 19.949997
