lastAccountName: eethompson
timestamps:
  login: 1442074049977
  logout: 1442075071983
  lastteleport: 1442075062215
ipAddress: 62.64.145.252
lastlocation:
  world: world
  x: 612.2170489923245
  y: 48.8904770670118
  z: 1405.7430539213924
  yaw: -38.99054
  pitch: 14.331128
logoutlocation:
  world: world
  x: 328.77268352580376
  y: 94.87498821180785
  z: 296.97355187115966
  yaw: 181.39511
  pitch: 13.273039
