lastAccountName: moonemper
timestamps:
  login: 1419018376083
  logout: 1419018647048
ipAddress: 68.14.161.34
logoutlocation:
  world: world_nether
  x: -8.802132850695678
  y: 128.0
  z: 35.31442187619163
  yaw: 222.3706
  pitch: 9.750022
