lastAccountName: Kensei
timestamps:
  login: 1419360001522
  logout: 1419361048129
ipAddress: 64.121.249.122
logoutlocation:
  world: world
  x: -325.4617257338583
  y: 67.0
  z: 352.88097637550555
  yaw: 221.15501
  pitch: 11.9999485
