lastAccountName: Epeeken
timestamps:
  login: 1426977218226
  lastteleport: 1426977263114
  logout: 1426977988479
ipAddress: 95.34.20.209
lastlocation:
  world: world
  x: 300.011159057978
  y: 74.0
  z: 316.2492055933715
  yaw: -47.700005
  pitch: 17.699972
logoutlocation:
  world: world
  x: 366.56338396461837
  y: 81.0
  z: 286.1108666079439
  yaw: -178.35002
  pitch: 21.750011
