lastAccountName: BenDJamin99
timestamps:
  login: 1425176221610
  lastteleport: 1425170407730
  kits:
    tools: 1425170380907
  logout: 1425176502553
ipAddress: 71.118.169.119
lastlocation:
  world: world
  x: 327.86987358961596
  y: 64.0
  z: 344.6026764977055
  yaw: -6.7571
  pitch: 10.649991
logoutlocation:
  world: world
  x: 448.2828712865605
  y: 63.0
  z: 70.49317710994606
  yaw: -268.19788
  pitch: 57.900124
