lastAccountName: JustThomasHD
timestamps:
  login: 1447881468577
  logout: 1447881597687
ipAddress: 78.18.196.215
lastlocation:
  world: world
  x: 321.5
  y: 83.0
  z: 297.5
  yaw: 0.0
  pitch: 0.0
logoutlocation:
  world: world
  x: 462.69999998807907
  y: 88.0
  z: 68.89842459570889
  yaw: 242.20012
  pitch: 28.199991
