lastAccountName: CaptainXisuma
timestamps:
  login: 1429649507309
  lastteleport: 1428166410958
  logout: 1429649508289
ipAddress: 92.8.40.143
lastlocation:
  world: world
  x: -171.98324794395154
  y: 63.0
  z: 297.08720813843905
  yaw: -295.64124
  pitch: 11.011721
logoutlocation:
  world: world
  x: 321.5
  y: 109.0
  z: 178.5
  yaw: -177.37766
  pitch: -9.506841
