lastAccountName: Sharkus49
timestamps:
  login: 1424989245015
  logout: 1424989470576
ipAddress: 104.57.197.40
lastlocation:
  world: world
  x: 319.5
  y: 109.0
  z: 180.5
  yaw: 0.0
  pitch: 0.0
logoutlocation:
  world: world
  x: 303.8569211834041
  y: 111.0
  z: 244.88855275623982
  yaw: -19.799797
  pitch: 46.049984
