lastAccountName: mick1555
timestamps:
  login: 1434229588442
  lastteleport: 1434229930975
  logout: 1434230130600
ipAddress: 127.0.0.1
lastlocation:
  world: world_nether
  x: 0.7102781926625558
  y: 128.0
  z: -51.9523242184357
  yaw: 94.02804
  pitch: -51.754322
logoutlocation:
  world: world_nether
  x: 1.6894202689634432
  y: 128.0
  z: 31.306667355794026
  yaw: 78.1366
  pitch: -52.782463
homes:
  home:
    world: world
    x: -64.581246241021
    y: 64.0
    z: 635.3652208801577
    yaw: -87.59494
    pitch: 16.346928
  nether:
    world: world_nether
    x: 3.5425241548435613
    y: 128.0
    z: -50.49254581996689
    yaw: -1.5860901
    pitch: 16.82056
  farm:
    world: world_nether
    x: -1.3093964286377289
    y: 242.0
    z: -52.45450100008046
    yaw: -89.69698
    pitch: 87.94392
afk: false
