lastAccountName: lenovouser
timestamps:
  login: 1424976297481
  logout: 1424976444259
ipAddress: 95.222.30.138
lastlocation:
  world: world
  x: 322.5
  y: 109.0
  z: 181.5
  yaw: 0.0
  pitch: 0.0
logoutlocation:
  world: world
  x: 321.27849653113367
  y: 109.0
  z: 216.71364639058504
  yaw: 139.53448
  pitch: 12.608233
