lastAccountName: OminousEvil
timestamps:
  login: 1441477382388
  lastteleport: 1441477913309
  logout: 1441478291889
ipAddress: 82.45.214.67
lastlocation:
  world: world
  x: 873.4071785959082
  y: 90.0
  z: 737.4507777333048
  yaw: 72.561646
  pitch: 90.0
logoutlocation:
  world: world
  x: 873.4071785959082
  y: 90.0
  z: 737.4507777333048
  yaw: 72.561646
  pitch: 90.0
