lastAccountName: firestorm599
timestamps:
  login: 1446033730951
  logout: 1446033756086
ipAddress: 86.133.192.0
lastlocation:
  world: world
  x: 295.86521387704914
  y: 69.0
  z: 373.2240882963581
  yaw: 84.10068
  pitch: 11.400016
logoutlocation:
  world: world
  x: 182.3789426953617
  y: 62.0
  z: 632.254436935315
  yaw: -17.594458
  pitch: 49.949978
