lastAccountName: DrJesus
timestamps:
  login: 1426977240685
  kits:
    tools: 1425732101555
  logout: 1426977650859
ipAddress: 85.167.108.30
lastlocation:
  world: world
  x: 308.12597574387183
  y: 68.0
  z: 155.96806159525585
  yaw: -171.75
  pitch: -24.74998
nickname: DrJesus
logoutlocation:
  world: world
  x: 321.0
  y: 109.0
  z: 178.0
  yaw: 3.3000002
  pitch: 1.1999999
