lastAccountName: Shafireman
timestamps:
  login: 1426614799020
  lastteleport: 1426614892644
  logout: 1426614894694
ipAddress: 127.0.0.1
lastlocation:
  world: world
  x: 232.22265204547327
  y: 60.62994538340999
  z: 217.1523952299656
  yaw: 8.550022
  pitch: 17.100063
logoutlocation:
  world: world
  x: 321.5
  y: 109.0
  z: 180.1634784620699
  yaw: -7.6499996
  pitch: -9.75
