lastAccountName: knufflestuffie
timestamps:
  login: 1424562524014
  logout: 1424562574356
ipAddress: 100.9.156.169
lastlocation:
  world: world
  x: 321.5
  y: 109.0
  z: 182.5
  yaw: 0.0
  pitch: 0.0
logoutlocation:
  world: world
  x: 321.3043144134564
  y: 81.0
  z: 304.37877445810705
  yaw: 0.45000458
  pitch: -5.55
