lastAccountName: mofiki
timestamps:
  login: 1448070984671
  logout: 1448071404037
  lastteleport: 1447811020477
ipAddress: 71.179.202.6
lastlocation:
  world: world
  x: 327.9541859670602
  y: 64.0
  z: 366.03767970824686
  yaw: 143.18478
  pitch: 26.73601
logoutlocation:
  world: world
  x: 321.6395714920831
  y: 83.5
  z: 295.71404362252775
  yaw: 175.13364
  pitch: 0.29639208
