lastAccountName: naskamu
timestamps:
  login: 1435538530817
  logout: 1435538543428
ipAddress: 127.0.0.1
lastlocation:
  world: world
  x: 323.5
  y: 109.0
  z: 176.5
  yaw: 0.0
  pitch: 0.0
logoutlocation:
  world: world
  x: 321.1965608820319
  y: 69.0
  z: 198.17196971185177
  yaw: 17.699984
  pitch: -27.749994
