lastAccountName: camisepic1234
timestamps:
  login: 1420153969579
  logout: 1420154031702
ipAddress: 174.52.0.58
lastlocation:
  world: world
  x: 310.5
  y: 81.0
  z: 92.5
  yaw: 0.0
  pitch: 0.0
logoutlocation:
  world: world
  x: 230.91444272850111
  y: 99.0
  z: 260.9905654364291
  yaw: -48.449707
  pitch: 15.599973
