lastAccountName: Poppnnick
timestamps:
  login: 1436416440603
  logout: 1436416543732
ipAddress: 127.0.0.1
lastlocation:
  world: world
  x: 324.5
  y: 86.0
  z: 298.5
  yaw: 0.0
  pitch: 0.0
logoutlocation:
  world: world
  x: 288.05110066885777
  y: 65.0
  z: 4.265305728313871
  yaw: 334.83438
  pitch: 21.81822
