lastAccountName: elunesgift
timestamps:
  login: 1442074029536
  logout: 1442074386741
  lastteleport: 1442074285804
ipAddress: 86.148.89.110
lastlocation:
  world: world
  x: 163.3543058242105
  y: 65.0
  z: 371.68992120337964
  yaw: 4.751343
  pitch: 18.75
logoutlocation:
  world: world
  x: 2126.0998789132873
  y: 73.0
  z: -291.18011684607154
  yaw: -224.84264
  pitch: 36.900043
