lastAccountName: King_Dianite
timestamps:
  login: 1433480256495
  logout: 1433480348018
ipAddress: 50.181.100.32
lastlocation:
  world: world
  x: 319.5
  y: 81.0
  z: 301.5
  yaw: 0.0
  pitch: 0.0
logoutlocation:
  world: world
  x: 315.0238447544206
  y: 74.0
  z: 316.59316940291905
  yaw: -18.098267
  pitch: 22.109745
