lastAccountName: gamerforlife11
timestamps:
  login: 1437481986732
  lastteleport: 1437482039351
  logout: 1437482102047
ipAddress: 127.0.0.1
lastlocation:
  world: world
  x: 308.6384239610876
  y: 55.74984617767601
  z: 286.9757836972337
  yaw: 7.395447
  pitch: -23.778015
logoutlocation:
  world: world
  x: 311.49115956364756
  y: 109.0
  z: 184.95418505581344
  yaw: 176.77698
  pitch: -8.10124
