lastAccountName: RikkyyxD
timestamps:
  login: 1435606953204
  lastteleport: 1425135990350
  logout: 1435606961194
ipAddress: 127.0.0.1
lastlocation:
  world: world
  x: 321.5
  y: 109.0
  z: 178.5
  yaw: 0.0
  pitch: 0.0
logoutlocation:
  world: world
  x: 953.8262563769223
  y: 69.0
  z: -1026.0882350987727
  yaw: 112.11694
  pitch: 26.849842
afk: false
