lastAccountName: ludde2k
timestamps:
  login: 1443746219406
  logout: 1443746390006
ipAddress: 176.11.146.138
lastlocation:
  world: world
  x: 319.5
  y: 83.0
  z: 297.5
  yaw: 0.0
  pitch: 0.0
logoutlocation:
  world: world
  x: 204.2455180909005
  y: 81.0
  z: 230.16918550382337
  yaw: -20.449768
  pitch: 15.149989
