lastAccountName: mat813
timestamps:
  login: 1427999420360
  logout: 1427999804709
ipAddress: 81.158.78.171
lastlocation:
  world: world
  x: 319.5
  y: 109.0
  z: 178.5
  yaw: 0.0
  pitch: 0.0
afk: false
logoutlocation:
  world: world
  x: -0.9689902229215939
  y: 64.0
  z: 618.2608408448142
  yaw: 90.00116
  pitch: 30.44995
